0.223
0.245
0.251
0.264
0.279
0.306
0.348
0.333
0.383
0.39
0.433
0.453
0.471
0.492
0.498
0.567
0.607
0.624
0.675
0.665
0.655
0.66
0.685
0.692
0.705
0.717
0.731
0.716
0.722
0.715
0.746
0.754
0.78
0.799
0.784
0.201
0.228
0.235
0.272
0.301
0.303
0.304
0.367
0.382
0.392
0.426
0.427
0.467
0.474
0.531
0.557
0.566
0.58
0.585
0.212
0.271
0.254
0.285
0.304
0.302
0.338
0.355
0.378
0.41
0.388
0.421
0.483
0.501
0.527
0.564
0.582
0.604
0.644
0.655
0.684
0.672
0.68
0.744
0.718
0.719
0.698
0.713
0.761
0.757
0.773
0.785
0.778
0.785
