recent: [0.39, 0.433, 0.453, 0.471, 0.492, 0.498, 0.567, 0.607, 0.624, 0.675] prior: [0.16, 0.223, 0.245, 0.251, 0.264, 0.279, 0.306, 0.348, 0.333, 0.383]
recent: [0.433, 0.453, 0.471, 0.492, 0.498, 0.567, 0.607, 0.624, 0.675, 0.665] prior: [0.223, 0.245, 0.251, 0.264, 0.279, 0.306, 0.348, 0.333, 0.383, 0.39]
recent: [0.453, 0.471, 0.492, 0.498, 0.567, 0.607, 0.624, 0.675, 0.665, 0.655] prior: [0.245, 0.251, 0.264, 0.279, 0.306, 0.348, 0.333, 0.383, 0.39, 0.433]
recent: [0.471, 0.492, 0.498, 0.567, 0.607, 0.624, 0.675, 0.665, 0.655, 0.66] prior: [0.251, 0.264, 0.279, 0.306, 0.348, 0.333, 0.383, 0.39, 0.433, 0.453]
recent: [0.492, 0.498, 0.567, 0.607, 0.624, 0.675, 0.665, 0.655, 0.66, 0.685] prior: [0.264, 0.279, 0.306, 0.348, 0.333, 0.383, 0.39, 0.433, 0.453, 0.471]
recent: [0.498, 0.567, 0.607, 0.624, 0.675, 0.665, 0.655, 0.66, 0.685, 0.692] prior: [0.279, 0.306, 0.348, 0.333, 0.383, 0.39, 0.433, 0.453, 0.471, 0.492]
recent: [0.567, 0.607, 0.624, 0.675, 0.665, 0.655, 0.66, 0.685, 0.692, 0.705] prior: [0.306, 0.348, 0.333, 0.383, 0.39, 0.433, 0.453, 0.471, 0.492, 0.498]
recent: [0.607, 0.624, 0.675, 0.665, 0.655, 0.66, 0.685, 0.692, 0.705, 0.717] prior: [0.348, 0.333, 0.383, 0.39, 0.433, 0.453, 0.471, 0.492, 0.498, 0.567]
recent: [0.624, 0.675, 0.665, 0.655, 0.66, 0.685, 0.692, 0.705, 0.717, 0.731] prior: [0.333, 0.383, 0.39, 0.433, 0.453, 0.471, 0.492, 0.498, 0.567, 0.607]
recent: [0.675, 0.665, 0.655, 0.66, 0.685, 0.692, 0.705, 0.717, 0.731, 0.716] prior: [0.383, 0.39, 0.433, 0.453, 0.471, 0.492, 0.498, 0.567, 0.607, 0.624]
recent: [0.665, 0.655, 0.66, 0.685, 0.692, 0.705, 0.717, 0.731, 0.716, 0.722] prior: [0.39, 0.433, 0.453, 0.471, 0.492, 0.498, 0.567, 0.607, 0.624, 0.675]
recent: [0.655, 0.66, 0.685, 0.692, 0.705, 0.717, 0.731, 0.716, 0.722, 0.715] prior: [0.433, 0.453, 0.471, 0.492, 0.498, 0.567, 0.607, 0.624, 0.675, 0.665]
recent: [0.66, 0.685, 0.692, 0.705, 0.717, 0.731, 0.716, 0.722, 0.715, 0.746] prior: [0.453, 0.471, 0.492, 0.498, 0.567, 0.607, 0.624, 0.675, 0.665, 0.655]
recent: [0.685, 0.692, 0.705, 0.717, 0.731, 0.716, 0.722, 0.715, 0.746, 0.754] prior: [0.471, 0.492, 0.498, 0.567, 0.607, 0.624, 0.675, 0.665, 0.655, 0.66]
recent: [0.692, 0.705, 0.717, 0.731, 0.716, 0.722, 0.715, 0.746, 0.754, 0.78] prior: [0.492, 0.498, 0.567, 0.607, 0.624, 0.675, 0.665, 0.655, 0.66, 0.685]
recent: [0.705, 0.717, 0.731, 0.716, 0.722, 0.715, 0.746, 0.754, 0.78, 0.799] prior: [0.498, 0.567, 0.607, 0.624, 0.675, 0.665, 0.655, 0.66, 0.685, 0.692]
recent: [0.717, 0.731, 0.716, 0.722, 0.715, 0.746, 0.754, 0.78, 0.799, 0.784] prior: [0.567, 0.607, 0.624, 0.675, 0.665, 0.655, 0.66, 0.685, 0.692, 0.705]
recent: [0.392, 0.426, 0.427, 0.467, 0.474, 0.531, 0.557, 0.566, 0.58, 0.585] prior: [0.179, 0.201, 0.228, 0.235, 0.272, 0.301, 0.303, 0.304, 0.367, 0.382]
recent: [0.41, 0.388, 0.421, 0.483, 0.501, 0.527, 0.564, 0.582, 0.604, 0.644] prior: [0.153, 0.212, 0.271, 0.254, 0.285, 0.304, 0.302, 0.338, 0.355, 0.378]
recent: [0.388, 0.421, 0.483, 0.501, 0.527, 0.564, 0.582, 0.604, 0.644, 0.655] prior: [0.212, 0.271, 0.254, 0.285, 0.304, 0.302, 0.338, 0.355, 0.378, 0.41]
recent: [0.421, 0.483, 0.501, 0.527, 0.564, 0.582, 0.604, 0.644, 0.655, 0.684] prior: [0.271, 0.254, 0.285, 0.304, 0.302, 0.338, 0.355, 0.378, 0.41, 0.388]
recent: [0.483, 0.501, 0.527, 0.564, 0.582, 0.604, 0.644, 0.655, 0.684, 0.672] prior: [0.254, 0.285, 0.304, 0.302, 0.338, 0.355, 0.378, 0.41, 0.388, 0.421]
recent: [0.501, 0.527, 0.564, 0.582, 0.604, 0.644, 0.655, 0.684, 0.672, 0.68] prior: [0.285, 0.304, 0.302, 0.338, 0.355, 0.378, 0.41, 0.388, 0.421, 0.483]
recent: [0.527, 0.564, 0.582, 0.604, 0.644, 0.655, 0.684, 0.672, 0.68, 0.744] prior: [0.304, 0.302, 0.338, 0.355, 0.378, 0.41, 0.388, 0.421, 0.483, 0.501]
recent: [0.564, 0.582, 0.604, 0.644, 0.655, 0.684, 0.672, 0.68, 0.744, 0.718] prior: [0.302, 0.338, 0.355, 0.378, 0.41, 0.388, 0.421, 0.483, 0.501, 0.527]
recent: [0.582, 0.604, 0.644, 0.655, 0.684, 0.672, 0.68, 0.744, 0.718, 0.719] prior: [0.338, 0.355, 0.378, 0.41, 0.388, 0.421, 0.483, 0.501, 0.527, 0.564]
recent: [0.604, 0.644, 0.655, 0.684, 0.672, 0.68, 0.744, 0.718, 0.719, 0.698] prior: [0.355, 0.378, 0.41, 0.388, 0.421, 0.483, 0.501, 0.527, 0.564, 0.582]
recent: [0.644, 0.655, 0.684, 0.672, 0.68, 0.744, 0.718, 0.719, 0.698, 0.713] prior: [0.378, 0.41, 0.388, 0.421, 0.483, 0.501, 0.527, 0.564, 0.582, 0.604]
recent: [0.655, 0.684, 0.672, 0.68, 0.744, 0.718, 0.719, 0.698, 0.713, 0.761] prior: [0.41, 0.388, 0.421, 0.483, 0.501, 0.527, 0.564, 0.582, 0.604, 0.644]
recent: [0.684, 0.672, 0.68, 0.744, 0.718, 0.719, 0.698, 0.713, 0.761, 0.757] prior: [0.388, 0.421, 0.483, 0.501, 0.527, 0.564, 0.582, 0.604, 0.644, 0.655]
recent: [0.672, 0.68, 0.744, 0.718, 0.719, 0.698, 0.713, 0.761, 0.757, 0.773] prior: [0.421, 0.483, 0.501, 0.527, 0.564, 0.582, 0.604, 0.644, 0.655, 0.684]
recent: [0.68, 0.744, 0.718, 0.719, 0.698, 0.713, 0.761, 0.757, 0.773, 0.785] prior: [0.483, 0.501, 0.527, 0.564, 0.582, 0.604, 0.644, 0.655, 0.684, 0.672]
recent: [0.744, 0.718, 0.719, 0.698, 0.713, 0.761, 0.757, 0.773, 0.785, 0.778] prior: [0.501, 0.527, 0.564, 0.582, 0.604, 0.644, 0.655, 0.684, 0.672, 0.68]
recent: [0.718, 0.719, 0.698, 0.713, 0.761, 0.757, 0.773, 0.785, 0.778, 0.785] prior: [0.527, 0.564, 0.582, 0.604, 0.644, 0.655, 0.684, 0.672, 0.68, 0.744]
