0.223
0.243
0.229
0.281
0.28
0.272
0.313
0.359
0.345
0.417
0.405
0.45
0.492
0.499
0.538
0.557
0.593
0.593
0.644
0.632
0.66
0.678
0.703
0.701
0.752
0.727
0.755
0.738
0.758
0.735
0.747
0.729
0.768
0.777
0.756
0.766
0.782
0.798
0.799
0.796
0.797
0.81
0.805
0.791
0.756
0.796
0.822
0.819
0.791
0.81
0.783
0.805
0.826
0.855
0.836
0.825
0.821
0.802
0.813
0.805
0.82
0.831
0.819
0.806
0.812
0.805
0.82
0.823
0.826
0.813
0.826
0.847
0.836
0.815
0.83
0.829
0.819
0.803
0.82
0.836
0.817
0.822
0.824
0.813
0.813
0.796
0.822
0.81
0.822
0.83
0.831
0.824
0.828
0.825
0.811
0.81
0.824
0.8
0.818
0.802
