0.789
0.784
0.772
0.799
0.809
0.837
0.828
0.834
0.803
0.817
0.813
0.83
0.834
0.842
0.826
0.818
0.829
0.834
0.837
0.824
0.825
0.834
0.808
0.831
0.823
0.832
0.8
0.817
0.842
0.836
0.841
0.829
0.824
0.806
0.846
0.818
0.828
0.829
0.826
0.816
0.83
0.841
0.808
0.798
0.832
0.822
0.825
0.814
0.83
0.936
0.94
0.542
0.556
0.546
0.59
0.611
0.637
0.663
0.721
0.707
0.742
0.8
0.794
0.841
0.84
0.87
0.867
0.881
0.897
0.888
0.915
0.893
0.91
0.937
0.939
0.932
0.942
0.943
0.948
0.486
0.546
0.58
0.6
0.63
0.644
0.66
0.666
0.69
0.738
0.766
0.779
0.792
0.807
0.834
0.836
0.855
0.89
0.867
0.901
0.9
0.915
0.92
0.913
0.918
0.927
0.521
0.535
0.565
0.6
0.625
0.655
0.642
0.713
0.731
0.747
0.766
0.791
0.805
0.84
0.837
0.859
0.859
0.857
0.898
0.897
0.901
0.907
0.913
0.92
0.935
0.938
0.948
0.945
0.939
0.944
0.524
0.528
0.563
0.594
0.619
0.637
0.681
0.653
0.717
0.731
0.748
0.791
0.799
0.816
0.84
0.864
0.877
0.906
0.908
0.916
0.918
0.92
0.92
0.473
0.528
0.553
0.568
0.633
0.652
0.693
0.706
0.75
0.747
0.771
0.784
0.799
0.829
0.846
0.842
0.858
0.888
0.885
0.908
0.888
0.899
0.913
0.535
0.539
0.581
0.586
0.627
0.66
0.696
0.704
0.731
0.728
0.759
0.765
0.795
0.818
0.832
0.832
0.864
0.89
0.879
0.887
0.892
0.91
0.913
0.923
0.931
0.935
0.935
0.937
0.946
0.484
0.568
0.576
0.598
0.664
0.644
0.677
0.678
0.741
0.725
0.755
0.764
0.798
0.773
0.843
0.857
0.846
0.865
0.875
0.899
0.876
0.897
0.896
0.901
0.923
0.924
0.929
0.935
0.932
0.935
0.509
0.546
0.589
0.557
0.616
0.675
0.675
0.72
0.72
0.737
0.777
0.763
0.794
0.828
0.832
0.862
0.859
0.866
0.89
0.893
0.911
0.887
0.913
0.913
0.486
0.538
0.574
0.593
0.598
0.657
0.677
0.688
0.731
0.731
0.759
0.765
0.789
0.811
0.818
0.858
0.836
0.865
0.864
0.871
0.889
0.884
0.916
0.92
0.916
0.92
0.938
0.951
0.929
0.947
0.946
0.522
0.521
0.566
0.591
0.619
0.635
0.693
0.695
0.695
0.725
0.775
0.79
0.785
0.815
0.826
0.835
0.859
0.863
0.877
0.872
0.882
0.888
0.914
0.919
0.928
0.937
0.929
0.932
0.933
0.493
0.544
0.548
0.582
0.623
0.652
0.674
0.7
0.739
0.731
0.769
0.782
0.818
0.83
0.869
0.842
0.884
0.88
0.883
0.895
0.906
0.913
0.914
0.917
0.929
0.937
0.935
0.939
0.949
0.94
0.528
0.512
0.57
0.585
0.633
0.658
0.679
0.718
0.726
0.747
0.784
0.777
0.803
0.821
0.844
0.851
0.873
0.877
0.895
0.906
0.885
0.906
0.907
0.491
0.535
0.574
0.598
0.641
0.634
0.676
0.698
0.719
0.769
0.75
0.799
0.818
0.847
0.856
0.857
0.868
0.884
0.886
0.915
0.905
0.915
0.905
0.922
0.928
0.531
0.543
0.552
0.59
0.625
0.628
0.672
0.701
0.722
0.728
0.757
0.781
0.78
0.8
0.812
0.837
0.82
0.829
0.86
0.864
0.892
0.905
0.909
0.912
0.907
0.935
0.936
0.946
0.946
0.953
0.963
0.956
0.964
0.964
0.558
0.531
0.557
0.608
0.611
0.646
0.646
0.697
0.718
0.731
0.771
0.801
0.813
0.828
0.847
0.859
0.88
0.903
0.884
0.921
0.921
0.929
0.933
0.934
0.938
0.949
0.93
0.554
0.544
0.57
0.581
0.617
0.665
0.674
0.699
0.721
0.745
0.76
0.768
0.786
0.819
0.817
0.851
0.894
0.866
0.888
0.923
0.916
0.916
0.939
0.911
0.918
0.504
0.513
0.559
0.609
0.617
0.652
0.701
0.661
0.73
0.703
0.752
0.814
0.775
0.809
0.839
0.836
0.877
0.879
0.871
0.895
0.922
0.939
0.924
0.93
0.921
0.501
0.543
0.543
0.594
0.625
0.657
0.672
0.671
0.749
0.735
0.757
0.785
0.787
0.853
0.847
0.867
0.871
0.882
0.906
0.916
0.902
0.906
0.94
0.913
0.949
0.929
0.935
0.947
0.5
0.54
0.573
0.597
0.617
0.661
0.67
0.696
0.729
0.752
0.757
0.789
0.797
0.799
0.844
0.845
0.867
0.885
0.909
0.88
0.911
0.903
0.916
0.932
0.898
0.919
0.497
0.531
0.57
0.594
0.638
0.647
0.68
0.663
0.704
0.702
0.774
0.749
0.784
0.777
0.826
0.88
0.856
0.893
0.898
0.895
0.918
0.92
0.922
0.94
0.93
0.937
0.946
0.947
0.952
0.946
0.957
0.488
0.515
0.538
0.608
0.663
0.65
0.692
0.734
0.727
0.754
0.744
0.789
0.795
0.833
0.846
0.859
0.873
0.882
0.901
0.889
0.906
0.924
0.935
0.936
0.921
0.92
0.523
0.548
0.565
0.584
0.637
0.653
0.666
0.674
0.708
0.735
0.788
0.798
0.806
0.831
0.843
0.847
0.861
0.883
0.899
0.879
0.903
0.927
0.913
0.901
0.909
0.508
0.531
0.58
0.586
0.638
0.633
0.671
0.709
0.74
0.753
0.751
0.774
0.809
0.814
0.825
0.831
0.851
0.848
0.894
0.87
0.899
0.886
0.916
0.937
0.921
0.933
0.936
0.939
0.951
0.937
0.951
0.953
0.486
0.545
0.573
0.602
0.633
0.641
0.665
0.702
0.707
0.744
0.76
0.788
0.823
0.813
0.817
0.837
0.854
0.86
0.895
0.9
0.91
0.901
0.926
0.914
0.934
0.926
0.943
0.935
0.944
0.938
0.498
0.551
0.594
0.581
0.626
0.616
0.663
0.706
0.721
0.742
0.773
0.803
0.814
0.821
0.843
0.855
0.852
0.867
0.897
0.905
0.907
0.909
0.894
0.924
0.516
0.554
0.538
0.601
0.62
0.649
0.67
0.71
0.749
0.728
0.759
0.8
0.781
0.813
0.836
0.863
0.881
0.893
0.894
0.893
0.912
0.906
0.918
0.907
0.92
0.939
0.929
0.958
0.938
0.942
0.952
0.52
0.535
0.597
0.603
0.62
0.629
0.683
0.686
0.729
0.735
0.77
0.79
0.831
0.822
0.832
0.852
0.866
0.888
0.898
0.915
0.909
0.903
0.913
0.537
0.56
0.575
0.615
0.63
0.623
0.703
0.701
0.746
0.742
0.762
0.78
0.816
0.83
0.836
0.87
0.873
0.909
0.915
0.916
0.912
0.925
0.936
0.917
0.93
0.937
0.542
0.524
0.588
0.606
0.609
0.657
0.679
0.672
0.704
0.744
0.79
0.792
0.801
0.831
0.829
0.842
0.864
0.888
0.894
0.91
0.912
0.921
0.924
0.932
0.931
0.948
0.941
0.94
0.945
0.525
0.536
0.582
0.587
0.632
0.655
0.673
0.693
0.708
0.747
0.759
0.772
0.802
0.807
0.817
0.823
0.841
0.863
0.856
0.887
0.898
0.903
0.923
0.926
0.932
0.935
0.936
0.938
0.487
0.531
0.576
0.612
0.586
0.669
0.67
0.712
0.737
0.735
0.772
0.797
0.806
0.821
0.842
0.862
0.865
0.867
0.885
0.882
0.909
0.895
0.92
0.924
0.931
0.94
0.952
0.943
0.935
0.95
0.515
0.541
0.575
0.618
0.656
0.652
0.685
0.681
0.728
0.731
0.785
0.789
0.787
0.783
0.826
0.829
0.856
0.86
0.892
0.883
0.882
0.894
0.92
0.906
0.924
0.916
0.936
0.924
0.50906
0.5154
0.5409
0.5739
0.5994
0.6302
0.6495
0.6715
0.6829
0.6974
0.7308
0.7549
0.7715
0.794
0.8166
0.8367
0.8539
0.8645
0.8781
0.8873
0.9047
0.9154
0.922
0.9263
0.9319
0.9344
0.9417
0.9484
0.9472
0.9504
0.9565
0.4994
0.5434
0.5698
0.6037
0.6323
0.6581
0.6658
0.6841
0.7075
0.7251
0.7462
0.7596
0.7828
0.8023
0.8289
0.8514
0.8692
0.8729
0.8998
0.9082
0.9143
0.9215
0.9272
0.9333
0.9402
0.9449
0.9513
0.9536
0.9528
0.9507
0.5062
0.549
0.5785
0.6048
0.6289
0.6453
0.6641
0.6862
0.715
0.7328
0.757
0.7831
0.8081
0.8211
0.8441
0.8549
0.8679
0.8753
0.8817
0.8923
0.9024
0.9146
0.924
0.9368
0.9319
0.9391
0.9461
0.9479
0.949
0.9551
0.9571
0.5123
0.5364
0.5761
0.6056
0.6287
0.6437
0.6649
0.6992
0.7176
0.7416
0.7618
0.7827
0.7955
0.8285
0.8478
0.8569
0.8692
0.8761
0.8888
0.8982
0.9082
0.9196
0.9249
0.9293
0.9374
0.9352
0.9471
0.9509
0.9528
0.9551
0.9569
0.9622
0.5122
0.5505
0.5739
0.5922
0.6356
0.6469
0.6668
0.6988
0.719
0.7495
0.7636
0.7792
0.7968
0.8062
0.8269
0.8306
0.8602
0.8746
0.8866
0.8935
0.8999
0.9125
0.9152
0.9289
0.9271
0.9368
0.9443
0.9478
0.945
0.9539
0.9527
0.5136
0.5473
0.5862
0.6067
0.6282
0.6562
0.6716
0.708
0.7274
0.7451
0.7568
0.7924
0.8047
0.8227
0.8449
0.8524
0.8603
0.872
0.8834
0.8948
0.8971
0.9121
0.9188
0.9235
0.9298
0.9341
0.9414
0.9473
0.9534
0.9565
0.9571
0.9611
0.9655
0.511
0.5441
0.58
0.5977
0.6233
0.6538
0.6625
0.6882
0.7188
0.7475
0.7629
0.7828
0.7888
0.8085
0.8254
0.8498
0.8644
0.8745
0.8857
0.8967
0.9093
0.9148
0.9221
0.9297
0.9365
0.9398
0.9412
0.9496
0.9502
0.9537
0.9591
0.9627
0.9599
0.5088
0.5405
0.5667
0.5983
0.6257
0.6607
0.6661
0.6871
0.7202
0.7416
0.7676
0.783
0.8036
0.8209
0.8392
0.8503
0.8657
0.8764
0.8825
0.8938
0.902
0.9223
0.9303
0.9339
0.9363
0.945
0.9467
0.9567
0.9516
0.9519
0.9557
0.5031
0.5383
0.5691
0.5922
0.6237
0.6563
0.6776
0.7013
0.7263
0.7417
0.7698
0.7922
0.8119
0.8268
0.8391
0.854
0.8631
0.8796
0.8806
0.8947
0.9069
0.914
0.9184
0.9237
0.9366
0.9335
0.9422
0.9452
0.9484
0.9533
0.957
0.9613
0.9638
0.9654
0.9612
0.5088
0.5441
0.5737
0.6026
0.6195
0.6409
0.6625
0.6851
0.712
0.7386
0.7527
0.7762
0.795
0.8045
0.8331
0.8545
0.8652
0.8752
0.885
0.8902
0.9044
0.9168
0.9229
0.9231
0.927
0.941
0.9417
0.9485
0.9503
0.9528
0.9552
0.503
0.5375
0.569
0.617
0.6465
0.6435
0.657
0.6875
0.7295
0.761
0.772
0.768
0.782
0.8055
0.81
0.8505
0.865
0.8795
0.8915
0.89
0.9015
0.9025
0.9075
0.928
0.9225
0.932
0.9335
0.9385
0.935
0.5085
0.543
0.56
0.5935
0.6335
0.6375
0.654
0.6905
0.7
0.7255
0.773
0.77
0.8095
0.8165
0.819
0.862
0.877
0.8665
0.8865
0.8965
0.8945
0.899
0.917
0.93
0.9405
0.933
0.9495
0.9455
0.9455
0.958
0.5145
0.5435
0.586
0.594
0.634
0.6445
0.6665
0.7085
0.7165
0.7365
0.747
0.772
0.8255
0.8405
0.8475
0.856
0.8745
0.883
0.9
0.9055
0.918
0.913
0.928
0.9385
0.9425
0.9425
0.937
0.9515
0.4885
0.5645
0.5655
0.6055
0.644
0.6475
0.6615
0.6895
0.7015
0.7455
0.776
0.7895
0.805
0.8255
0.843
0.8625
0.858
0.8855
0.884
0.8935
0.8985
0.9285
0.9255
0.9255
0.939
0.926
0.9405
0.4975
0.539
0.5945
0.612
0.6185
0.6555
0.6915
0.701
0.7255
0.747
0.751
0.7795
0.805
0.8015
0.812
0.8445
0.8675
0.8735
0.881
0.8845
0.902
0.907
0.9195
0.91
0.9375
0.9315
0.9465
0.9405
0.9485
0.954
0.524
0.5265
0.5855
0.617
0.613
0.6735
0.6655
0.718
0.722
0.7525
0.756
0.7905
0.799
0.8325
0.8435
0.8615
0.8665
0.8645
0.8915
0.8995
0.9175
0.9155
0.9215
0.9285
0.931
0.9385
0.934
0.937
0.4995
0.5555
0.5885
0.621
0.624
0.656
0.6755
0.6995
0.7085
0.742
0.752
0.763
0.7985
0.811
0.832
0.8575
0.871
0.883
0.901
0.905
0.9065
0.921
0.934
0.925
0.954
0.932
0.9375
0.952
0.495
0.536
0.558
0.604
0.6155
0.638
0.655
0.6755
0.707
0.7375
0.735
0.7695
0.796
0.7985
0.834
0.8415
0.855
0.865
0.882
0.899
0.9065
0.9325
0.931
0.931
0.946
0.9375
0.949
0.9435
0.5125
0.5455
0.587
0.5915
0.6345
0.656
0.6675
0.6675
0.6955
0.736
0.744
0.7675
0.7785
0.7905
0.8395
0.842
0.8585
0.8745
0.8795
0.883
0.9075
0.9075
0.9215
0.9335
0.9345
0.937
0.935
0.933
0.4985
0.5545
0.589
0.595
0.6265
0.652
0.656
0.702
0.6985
0.7325
0.7685
0.764
0.795
0.8255
0.8235
0.84
0.8615
0.8785
0.892
0.9075
0.925
0.9265
0.921
0.9425
0.9305
0.938
0.948
0.5055
0.539
0.555
0.6035
0.634
0.664
0.682
0.713
0.731
0.7335
0.76
0.7765
0.8005
0.8105
0.8465
0.8545
0.8625
0.8725
0.8955
0.8915
0.907
0.91
0.924
0.9185
0.932
0.942
0.952
0.951
0.9515
0.9515
0.5185
0.5505
0.5615
0.59
0.6305
0.6575
0.6465
0.695
0.6905
0.7355
0.76
0.7845
0.8045
0.829
0.8335
0.847
0.849
0.872
0.888
0.9045
0.904
0.9115
0.9215
0.9275
0.9315
0.941
0.9325
0.9415
0.9285
0.5275
0.541
0.5685
0.5835
0.629
0.647
0.6785
0.689
0.745
0.749
0.786
0.775
0.8
0.802
0.842
0.8355
0.867
0.8835
0.8935
0.9065
0.9015
0.9105
0.9235
0.9215
0.923
0.941
0.9525
0.934
0.941
0.945
0.5015
0.5615
0.5715
0.606
0.6365
0.633
0.6615
0.7
0.7125
0.7575
0.7685
0.7765
0.7855
0.8065
0.8475
0.858
0.8565
0.8795
0.8825
0.89
0.91
0.921
0.921
0.925
0.9355
0.936
0.9375
0.9475
0.9495
0.954
0.9375
0.5085
0.5415
0.569
0.585
0.6155
0.649
0.649
0.691
0.724
0.7495
0.7635
0.785
0.7855
0.803
0.8165
0.828
0.8495
0.88
0.883
0.8825
0.9085
0.9065
0.9185
0.921
0.936
0.9375
0.937
0.944
0.952
0.95
0.952
0.952
0.5145
0.5505
0.5875
0.613
0.616
0.6385
0.6425
0.676
0.6935
0.733
0.7435
0.7875
0.7755
0.815
0.839
0.848
0.8765
0.868
0.892
0.899
0.9125
0.9155
0.925
0.934
0.9375
0.9405
0.943
0.942
0.507
0.549
0.5745
0.5945
0.618
0.6485
0.6685
0.714
0.73
0.7365
0.7795
0.776
0.79
0.8015
0.8105
0.8375
0.831
0.855
0.876
0.9065
0.9035
0.917
0.919
0.92
0.938
0.9345
0.9355
0.946
0.94
0.504
0.5505
0.5595
0.58
0.627
0.641
0.6685
0.697
0.7195
0.744
0.782
0.7725
0.7965
0.835
0.8205
0.863
0.875
0.903
0.906
0.9035
0.9165
0.916
0.9235
0.9225
0.9345
0.936
0.9415
0.9265
0.504
0.5395
0.567
0.6185
0.6225
0.654
0.702
0.694
0.7365
0.7475
0.7765
0.768
0.7955
0.8205
0.818
0.84
0.8475
0.8795
0.891
0.8915
0.9175
0.916
0.9075
0.9175
0.93
0.9365
0.941
0.9525
0.947
0.9465
0.963
0.52
0.558
0.558
0.548
0.646
0.626
0.672
0.688
0.736
0.774
0.772
0.786
0.812
0.85
0.798
0.854
0.826
0.86
0.856
0.872
0.892
0.876
0.86
0.902
0.462
0.552
0.582
0.66
0.594
0.65
0.69
0.696
0.708
0.742
0.748
0.742
0.806
0.806
0.814
0.826
0.856
0.89
0.884
0.892
0.88
0.916
0.924
0.908
0.912
0.922
0.54
0.506
0.55
0.608
0.606
0.632
0.672
0.642
0.708
0.74
0.736
0.698
0.766
0.786
0.792
0.83
0.82
0.846
0.856
0.874
0.892
0.912
0.906
0.916
0.912
0.926
0.92
0.47
0.514
0.554
0.622
0.644
0.694
0.694
0.734
0.7
0.732
0.74
0.762
0.788
0.788
0.796
0.85
0.852
0.892
0.878
0.902
0.898
0.894
0.924
0.928
0.93
0.946
0.936
0.922
0.518
0.564
0.576
0.594
0.622
0.646
0.668
0.698
0.736
0.796
0.796
0.796
0.796
0.84
0.84
0.87
0.848
0.876
0.876
0.898
0.872
0.912
0.924
0.932
0.948
0.93
0.95
0.95
0.516
0.576
0.61
0.588
0.62
0.61
0.644
0.71
0.728
0.752
0.758
0.78
0.822
0.862
0.834
0.846
0.832
0.864
0.528
0.57
0.578
0.624
0.628
0.652
0.64
0.676
0.7
0.754
0.784
0.772
0.814
0.818
0.848
0.824
0.874
0.864
0.87
0.886
0.924
0.892
0.896
0.914
0.492
0.544
0.53
0.616
0.628
0.616
0.672
0.66
0.704
0.734
0.718
0.758
0.758
0.804
0.808
0.836
0.858
0.88
0.866
0.878
0.92
0.936
0.942
0.932
0.936
0.932
0.524
0.58
0.528
0.592
0.608
0.65
0.658
0.718
0.73
0.762
0.776
0.782
0.808
0.79
0.8
0.822
0.87
0.89
0.874
0.884
0.9
0.898
0.922
0.896
0.918
0.94
0.932
0.932
0.932
0.928
0.532
0.55
0.58
0.64
0.624
0.656
0.662
0.736
0.734
0.734
0.788
0.79
0.826
0.808
0.828
0.886
0.848
0.888
0.878
0.852
0.856
0.57
0.54
0.49
0.57
0.61
0.64
0.64
0.64
0.67
0.71
0.77
0.77
0.75
0.81
0.8
0.78
0.8
0.85
0.83
0.81
0.88
0.85
0.83
0.79
0.45
0.58
0.59
0.59
0.65
0.69
0.59
0.64
0.67
0.61
0.55
0.56
0.6
0.59
0.69
0.58
0.58
0.68
0.51
0.47
0.71
0.55
0.61
0.67
0.71
0.73
0.66
0.76
0.7
0.48
0.49
0.55
0.58
0.68
0.73
0.54
0.62
0.63
0.46
0.53
0.57
0.66
0.6
0.6
0.57
0.46
0.64
0.53
0.58
0.58
0.65
0.67
0.66
0.58
0.72
0.66
0.44
0.56
0.63
0.6
0.66
0.7
0.69
0.67
0.71
0.8
0.8
0.75
0.8
0.82
0.75
0.47
0.53
0.58
0.55
0.55
0.61
0.67
0.7
0.68
0.73
0.63
0.71
0.48
0.59
0.59
0.53
0.61
0.6
0.7
0.73
0.73
0.7
0.78
0.77
0.81
0.84
0.82
0.8
0.75
0.52
0.58
0.49
0.59
0.62
0.6
0.71
0.65
0.69
0.69
0.77
0.76
0.8
0.78
0.82
0.88
0.77
0.84
0.88
0.45
0.57
0.53
0.62
0.6
0.66
0.74
0.7
0.63
0.68
0.4
0.5
0.61
0.64
0.59
0.72
0.7
0.6
0.78
0.68
0.71
0.71
0.5
0.49
0.59
0.53
0.62
0.5
0.63
0.62
0.46
0.51
0.65
0.63
0.61
0.65
0.6
0.67
0.7
0.77
0.78
0.77
0.84
0.73
0.76
0.54
0.46
0.64
0.57
0.56
0.67
0.72
0.59
0.69
0.71
0.77
0.76
0.78
0.84
0.8
0.83
0.8
0.86
0.91
0.85
0.87
0.88
0.58
0.55
0.57
0.58
0.66
0.7
0.68
0.75
0.7
0.72
0.77
0.69
0.87
0.81
0.83
0.84
0.8
0.81
0.46
0.59
0.61
0.5
0.66
0.7
0.69
0.66
0.7
0.75
0.83
0.75
0.85
0.82
0.73
0.86
0.51
0.57
0.52
0.64
0.63
0.69
0.68
0.69
0.77
0.69
0.67
0.75
0.46
0.57
0.58
0.66
0.67
0.73
0.61
0.68
0.7
0.494
0.57
0.584
0.578
0.634
0.62
0.668
0.64
0.7
0.676
0.76
0.796
0.772
0.798
0.828
0.832
0.832
0.838
0.876
0.87
0.888
0.894
0.912
0.888
0.908
0.924
0.498
0.548
0.568
0.596
0.648
0.64
0.688
0.702
0.676
0.754
0.762
0.752
0.826
0.794
0.838
0.866
0.836
0.866
0.862
0.888
0.888
0.906
0.904
0.906
0.904
0.936
0.918
0.938
0.93
0.922
0.93
0.496
0.536
0.56
0.586
0.652
0.64
0.672
0.656
0.706
0.716
0.744
0.784
0.782
0.798
0.824
0.828
0.848
0.854
0.874
0.902
0.9
0.904
0.92
0.91
0.92
0.916
0.532
0.554
0.586
0.62
0.624
0.632
0.65
0.692
0.718
0.738
0.788
0.768
0.8
0.778
0.816
0.856
0.868
0.852
0.872
0.876
0.914
0.914
0.926
0.918
0.908
0.94
0.53
0.578
0.548
0.59
0.654
0.66
0.686
0.658
0.766
0.734
0.766
0.742
0.782
0.83
0.818
0.848
0.854
0.866
0.886
0.906
0.892
0.87
0.892
0.53
0.562
0.562
0.598
0.626
0.674
0.684
0.718
0.7
0.75
0.77
0.82
0.804
0.834
0.828
0.848
0.868
0.86
0.904
0.904
0.896
0.892
0.906
0.494
0.56
0.52
0.63
0.654
0.668
0.66
0.698
0.7
0.726
0.736
0.794
0.778
0.798
0.828
0.844
0.874
0.868
0.88
0.892
0.902
0.928
0.922
0.898
0.94
0.928
0.532
0.524
0.58
0.608
0.616
0.626
0.65
0.686
0.686
0.774
0.76
0.792
0.824
0.84
0.858
0.858
0.898
0.91
0.886
0.894
0.916
0.926
0.946
0.934
0.946
0.922
0.542
0.51
0.586
0.586
0.612
0.622
0.658
0.686
0.71
0.732
0.726
0.764
0.812
0.814
0.844
0.898
0.87
0.86
0.892
0.892
0.908
0.92
0.898
0.93
0.93
0.926
0.924
0.924
0.522
0.538
0.578
0.616
0.634
0.648
0.684
0.68
0.71
0.75
0.752
0.752
0.778
0.8
0.846
0.84
0.826
0.842
0.846
0.752
0.762
0.776
0.772
0.794
0.804
0.805
0.814
0.8
0.803
0.718
0.721
0.741
0.769
0.786
0.799
0.802
0.847
0.838
0.83
0.846
0.855
0.859
0.881
0.883
0.88
0.875
0.896
0.695
0.694
0.766
0.772
0.757
0.792
0.785
0.787
0.844
0.832
0.833
0.853
0.872
0.863
0.91
0.879
0.913
0.904
0.895
0.876
0.533
0.577
0.589
0.617
0.643
0.673
0.683
0.719
0.737
0.744
0.771
0.793
0.81
0.823
0.834
0.863
0.846
0.882
0.877
0.893
0.915
0.917
0.918
0.908
0.939
0.951
0.94
0.94
0.954
0.935
0.56
0.575
0.59
0.63
0.575
0.66
0.62
0.63
0.65
0.78
0.62
0.71
0.73
0.465
0.53
0.585
0.545
0.565
0.64
0.69
0.665
0.69
0.69
0.665
0.725
0.725
0.725
0.755
0.75
0.705
0.79
0.83
0.775
0.795
0.865
0.795
0.845
0.85
0.83
0.915
0.855
0.895
0.88
0.875
0.875
0.51
0.595
0.545
0.565
0.501
0.566
0.599
0.532
0.578
0.603
0.631
0.628
0.666
0.707
0.678
0.736
0.762
0.52
0.58
0.56
0.62
0.47
0.58
0.52
0.62
0.55
0.72
0.65
0.66
0.7
0.76
0.83
0.78
0.8
0.75
0.83
0.41
0.5
0.6
0.52
0.57
0.57
0.67
0.76
0.75
0.78
0.88
0.84
0.81
0.84
0.89
0.87
0.9
0.9
0.93
0.86
0.59
0.57
0.55
0.53
0.64
0.62
0.64
0.72
0.73
0.68
0.71
0.75
0.84
0.77
0.71
0.81
0.9
0.84
0.86
0.92
0.96
0.91
0.95
0.92
0.91
0.54
0.53
0.54
0.68
0.75
0.64
0.73
0.65
0.72
0.47
0.45
0.52
0.56
0.69
0.7
0.73
0.68
0.69
0.73
0.46
0.54
0.6
0.5
0.62
0.6
0.8
0.69
0.62
0.72
0.52
0.53
0.61
0.51
0.6
0.75
0.62
0.69
0.77
0.73
0.81
0.82
0.82
0.77
0.75
0.57
0.48
0.64
0.66
0.59
0.6
0.69
0.78
0.76
0.78
0.82
0.8
0.73
0.58
0.5
0.62
0.59
0.65
0.63
0.62
0.63
0.52
0.5
0.6
0.7
0.66
0.56
0.66
0.68
0.8
0.94
0.89
0.91
0.94
0.88
0.88
0.88
0.88
0.94
0.91
0.84
0.89
0.91
0.93
0.87
0.9
0.88
0.69
0.81
0.76
0.76
0.8
0.83
0.79
0.76
0.78
0.91
0.93
0.95
0.94
0.93
0.94
0.94
0.95
0.96
0.97
0.94
0.93
0.86
0.88
0.93
0.93
0.93
0.94
0.97
0.92
0.89
0.9
0.84
0.9
0.92
0.9
0.93
0.91
0.94
0.87
0.91
0.8
0.93
0.89
0.93
0.92
0.87
0.89
0.83
0.86
0.9
0.87
0.9
0.94
0.9
0.9
0.96
0.91
0.87
0.64
0.69
0.75
0.78
0.82
0.77
0.82
0.73
0.71
0.72
0.76
0.69
0.72
0.69
0.77
0.78
0.73
0.78
0.84
0.77
0.88
0.8
0.85
0.79
0.84
0.88
0.88
0.88
0.89
0.85
0.81
0.77
0.69
0.69
0.84
0.704
0.72
0.744
0.759
0.779
0.806
0.818
0.796
0.846
0.827
0.845
0.875
0.865
0.875
0.859
0.885
0.904
0.884
0.886
0.883
0.71
0.747
0.764
0.758
0.78
0.788
0.807
0.819
0.842
0.873
0.861
0.853
0.88
0.856
0.861
0.868
0.917
0.896
0.937
0.914
0.921
0.921
0.856
0.893
0.876
0.853
0.883
0.879
0.914
0.896
0.919
0.925
0.917
0.932
0.913
0.677
0.714
0.72
0.741
0.765
0.754
0.758
0.785
0.813
0.79
0.822
0.803
0.819
0.828
0.699
0.719
0.735
0.751
0.744
0.785
0.787
0.834
0.846
0.818
0.844
0.855
0.872
0.874
0.874
0.884
0.875
0.886
0.863
0.693
0.726
0.735
0.758
0.789
0.781
0.821
0.819
0.821
0.84
0.831
0.857
0.873
0.873
0.851
0.891
0.885
0.878
0.869
0.6
0.646
0.621
0.662
0.709
0.695
0.7
0.69
0.695
0.669
0.701
0.698
0.706
0.729
0.73
0.739
0.767
0.726
0.727
0.168
0.175
0.214
0.238
0.286
0.304
0.284
0.339
0.333
0.323
0.34
0.356
0.398
0.401
0.422
0.417
0.44
0.422
0.416
0.427
0.674
0.701
0.679
0.704
0.716
0.18
0.161
0.218
0.263
0.242
0.298
0.294
0.292
0.333
0.346
0.337
0.351
0.358
0.396
0.422
0.391
0.364
0.417
0.634
0.651
0.658
0.688
0.701
0.68
0.706
0.71
0.751
0.702
0.706
0.749
0.862
0.863
0.882
0.893
0.904
0.894
0.907
0.91
0.937
0.916
0.929
0.938
0.906
0.925
0.865
0.874
0.861
0.882
0.902
0.891
0.912
0.913
0.93
0.92
0.934
0.912
0.93
0.943
0.93
0.932
0.93
0.936
0.701
0.748
0.739
0.768
0.775
0.792
0.811
0.806
0.817
0.823
0.836
0.836
0.857
0.843
0.87
0.872
0.877
0.902
0.873
0.899
0.881
0.874
0.875
0.748
0.799
0.784
0.832
0.805
0.806
0.835
0.828
0.85
0.859
0.882
0.861
0.864
0.874
0.89
0.872
0.899
0.888
0.899
0.886
0.858
0.504
0.554
0.584
0.59
0.641
0.646
0.653
0.66
0.668
0.711
0.733
0.77
0.743
0.782
0.774
0.779
0.801
0.804
0.817
0.807
0.811
0.779
0.499
0.559
0.584
0.619
0.636
0.665
0.671
0.66
0.726
0.738
0.747
0.744
0.818
0.781
0.803
0.776
0.801
0.803
0.821
0.819
0.857
0.894
0.872
0.889
0.907
0.898
0.902
0.913
0.912
0.923
0.926
0.931
0.935
0.94
0.938
0.938
0.947
0.926
0.908
0.91
0.91
0.899
0.869
0.831
0.871
0.854
0.878
0.882
0.883
0.905
0.892
0.886
0.917
0.909
0.911
0.917
0.917
0.938
0.944
0.941
0.941
0.939
0.945
0.931
0.745
0.768
0.74
0.76
0.801
0.782
0.806
0.816
0.832
0.85
0.847
0.868
0.869
0.876
0.867
0.887
0.886
0.885
0.902
0.898
0.89
0.891
0.901
0.725
0.739
0.727
0.72
0.768
0.783
0.792
0.805
0.824
0.801
0.819
0.806
0.829
0.826
0.832
0.846
0.859
0.841
0.854
0.851
0.887
0.859
0.867
0.838
0.803
0.829
0.843
0.87
0.86
0.9
0.896
0.897
0.915
0.918
0.908
0.903
0.931
0.933
0.932
0.922
0.939
0.941
0.943
0.939
0.946
0.93
0.912
0.892
0.904
0.901
0.901
0.892
0.803
0.819
0.841
0.86
0.861
0.878
0.878
0.893
0.904
0.897
0.927
0.928
0.917
0.94
0.922
0.924
0.935
0.856
0.874
0.887
0.885
0.895
0.895
0.915
0.912
0.803
0.84
0.828
0.855
0.857
0.883
0.891
0.898
0.917
0.911
0.934
0.909
0.923
0.919
0.503
0.536
0.566
0.553
0.566
0.589
0.574
0.594
0.582
0.612
0.62
0.597
0.589
0.613
0.801
0.805
0.829
0.871
0.881
0.885
0.86
0.907
0.902
0.904
0.917
0.917
0.924
0.92
0.922
0.933
0.936
0.933
0.938
0.935
0.935
0.932
0.52
0.534
0.563
0.575
0.606
0.607
0.582
0.62
0.604
0.601
0.589
0.822
0.831
0.818
0.849
0.837
0.88
0.876
0.893
0.898
0.891
0.921
0.913
0.914
0.93
0.944
0.938
0.948
0.938
0.938
0.948
0.507
0.556
0.548
0.571
0.567
0.597
0.601
0.592
0.586
0.598
0.594
0.701
0.708
0.742
0.739
0.741
0.776
0.809
0.789
0.814
0.826
0.857
0.843
0.835
0.872
0.882
0.885
0.881
0.894
0.893
0.884
0.878
0.506
0.553
0.538
0.594
0.616
0.591
0.571
0.612
0.596
