0
2
0
7
6
7
11
2
0
3
5
0
7
0
3
0
5
0
4
0
0
0
0
11
0
7
1
2
1
1
3
9
1
4
2
0
0
0
0
8
0
0
0
1
0
11
0
1
0
0
0
0
0
11
0
4
0
0
4
3
3
1
4
5
9
3
0
2
6
0
0
0
1
6
6
11
0
5
0
16
0
0
0
0
0
0
15
0
7
1
0
0
0
4
4
2
1
4
12
0
0
0
0
0
4
9
6
0
0
5
0
4
0
0
0
0
0
3
4
0
0
2
12
6
2
7
3
5
0
6
15
4
6
0
0
0
2
3
9
11
0
6
0
0
6
0
0
5
2
5
2
0
6
0
0
3
6
0
4
1
0
0
2
8
0
0
2
0
8
6
6
0
6
0
5
3
3
5
0
0
2
4
0
8
8
3
6
6
6
0
13
3
0
2
11
0
3
0
0
0
0
0
3
1
0
0
0
3
16
3
6
2
5
3
0
0
2
4
0
1
0
0
0
0
0
0
0
3
13
4
0
8
2
0
7
0
0
0
5
2
5
0
0
4
0
0
1
1
2
0
0
0
0
0
0
0
0
10
0
7
0
12
0
4
0
1
0
0
0
0
12
2
1
0
0
3
0
0
8
0
5
3
3
7
4
4
7
6
0
0
0
0
3
8
2
0
7
0
9
4
0
0
0
2
0
0
6
0
10
1
18
3
0
0
1
0
0
0
2
0
16
3
0
0
0
0
3
0
0
0
0
1
6
0
11
1
6
0
0
0
1
7
0
0
2
0
10
0
1
0
0
2
0
7
1
0
3
3
0
0
0
4
14
0
0
0
2
0
7
0
1
1
0
11
0
10
1
3
0
0
3
12
5
0
0
5
11
0
1
0
1
16
0
0
0
3
0
3
0
6
2
0
2
1
4
1
0
3
3
0
0
2
0
0
0
0
0
5
4
0
6
23
0
3
5
14
2
0
11
2
0
8
0
0
2
11
8
0
2
8
5
4
6
6
1
10
0
0
0
3
0
0
5
22
7
6
0
0
0
0
6
0
0
0
8
3
4
0
0
6
0
11
0
2
6
3
2
0
0
0
0
0
11
6
1
0
0
0
7
0
1
2
9
17
0
0
8
0
1
1
3
2
0
19
7
0
7
19
0
0
2
6
1
0
0
0
10
0
4
0
3
2
3
0
1
0
3
2
3
3
5
0
4
0
3
21
1
0
2
4
4
4
8
6
0
0
6
4
6
0
9
14
7
0
5
13
6
11
5
0
0
6
2
0
7
2
0
1
0
3
1
0
2
0
3
0
3
0
0
0
1
1
10
0
0
0
6
0
0
0
0
0
0
3
0
3
0
0
4
6
0
0
5
10
0
0
0
0
3
0
0
5
1
0
0
0
0
0
3
0
11
1
0
0
2
3
1
0
6
6
0
0
1
1
0
0
0
0
1
0
1
3
11
0
0
0
10
8
7
0
4
2
1
0
3
0
0
19
6
5
0
0
4
0
0
5
9
0
0
0
0
0
6
0
10
2
4
1
3
8
6
2
0
0
1
0
3
0
0
6
0
1
0
2
4
4
1
3
1
16
5
0
0
0
7
1
0
4
1
0
6
1
2
0
14
1
0
0
0
0
3
3
0
0
0
12
7
11
0
6
1
3
0
5
3
1
0
7
0
13
0
2
0
0
0
0
0
0
0
0
7
0
2
4
6
0
0
0
9
0
4
11
21
4
0
0
0
0
8
6
5
12
2
0
1
5
0
18
0
6
3
0
0
0
6
0
0
7
0
0
0
0
5
8
11
2
0
0
0
11
3
0
4
2
2
0
0
0
0
0
3
0
0
0
7
0
0
0
1
0
6
11
3
4
3
0
6
0
2
0
0
4
7
9
0
4
0
0
2
2
5
0
0
12
3
1
8
0
0
14
3
0
9
3
0
9
2
2
0
0
0
2
0
3
0
1
3
3
0
5
11
0
2
1
6
2
0
0
3
8
5
0
7
0
0
0
1
11
6
0
11
0
0
1
0
16
0
22
0
0
0
6
7
2
2
3
3
0
0
2
0
0
1
0
0
14
0
0
12
1
1
3
6
10
1
14
0
0
0
0
2
5
0
0
15
0
1
5
0
4
0
0
0
1
7
2
0
0
0
3
0
3
3
5
0
0
2
10
0
0
0
0
8
0
0
4
0
0
1
4
3
0
0
0
0
4
7
7
0
0
0
2
3
0
0
0
9
3
12
0
0
7
5
5
0
0
6
0
1
9
